202201010401
202201010402
202201010403
202201010404
202201010405
202201010406
202201010407
202201010408
202201010409
202201010410
202201010411
202201010412
202204020201
202204020202
202204020203
202204020204
202204020205
202204020206
202204020207
202204020208
202204020209
202204020210
202204020211
202204020212
202201010301
202201010302
202201010303
202201010304
202201010305
202201010306
202201010307
202201010308
202201010309
202201010310
202201010311
202201010312
202204020101
202204020102
202204020103
202204020104
202204020105
202204020106
202204020107
202204020108
202204020109
202204020110
202204020111
202204020112
202201010201
202201010202
202201010203
202201010204
202201010205
202201010206
202201010207
202201010208
202201010209
202201010210
202201010211
202201010212
202203020801
202203020802
202203020803
202203020804
202203020805
202203020806
202203020807
202203020808
202203020809
202203020810
202203020811
202203020812
202210030801
202210030802
202210030803
202210030804
202210030805
202210030806
202210030807
202210030808
202210030809
202210030810
202210030811
202210030812
202201010101
202201010102
202201010103
202201010104
202201010105
202201010106
202201010107
202201010108
202201010109
202201010110
202201010111
202201010112
202203020701
202203020702
202203020703
202203020704
202203020705
202203020706
202203020707
202203020708
202203020709
202203020710
202203020711
202203020712
202210030701
202210030702
202210030703
202210030704
202210030705
202210030706
202210030707
202210030708
202210030709
202210030710
202210030711
202210030712
202202011201
202202011202
202202011203
202202011204
202202011205
202202011206
202202011207
202202011208
202202011209
202202011210
202202011211
202202011212
202203020601
202203020602
202203020603
202203020604
202203020605
202203020606
202203020607
202203020608
202203020609
202203020610
202203020611
202203020612
202210030601
202210030602
202210030603
202210030604
202210030605
202210030606
202210030607
202210030608
202210030609
202210030610
202210030611
202210030612
202202011101
202202011102
202202011103
202202011104
202202011105
202202011106
202202011107
202202011108
202202011109
202202011110
202202011111
202202011112
202203020501
202203020502
202203020503
202203020504
202203020505
202203020506
202203020507
202203020508
202203020509
202203020510
202203020511
202203020512
202210030501
202210030502
202210030503
202210030504
202210030505
202210030506
202210030507
202210030508
202210030509
202210030510
202210030511
202210030512
202202011001
202202011002
202202011003
202202011004
202202011005
202202011006
202202011007
202202011008
202202011009
202202011010
202202011011
202202011012
202203020401
202203020402
202203020403
202203020404
202203020405
202203020406
202203020407
202203020408
202203020409
202203020410
202203020411
202203020412
202210030401
202210030402
202210030403
202210030404
202210030405
202210030406
202210030407
202210030408
202210030409
202210030410
202210030411
202210030412
202202010901
202202010902
202202010903
202202010904
202202010905
202202010906
202202010907
202202010908
202202010909
202202010910
202202010911
202202010912
202203020301
202203020302
202203020303
202203020304
202203020305
202203020306
202203020307
202203020308
202203020309
202203020310
202203020311
202203020312
202210030301
202210030302
202210030303
202210030304
202210030305
202210030306
202210030307
202210030308
202210030309
202210030310
202210030311
202210030312
202202010801
202202010802
202202010803
202202010804
202202010805
202202010806
202202010807
202202010808
202202010809
202202010810
202202010811
202202010812
202203020201
202203020202
202203020203
202203020204
202203020205
202203020206
202203020207
202203020208
202203020209
202203020210
202203020211
202203020212
202210030201
202210030202
202210030203
202210030204
202210030205
202210030206
202210030207
202210030208
202210030209
202210030210
202210030211
202210030212
202202010701
202202010702
202202010703
202202010704
202202010705
202202010706
202202010707
202202010708
202202010709
202202010710
202202010711
202202010712
202203020101
202203020102
202203020103
202203020104
202203020105
202203020106
202203020107
202203020108
202203020109
202203020110
202203020111
202203020112
202210030101
202210030102
202210030103
202210030104
202210030105
202210030106
202210030107
202210030108
202210030109
202210030110
202210030111
202210030112
202202010601
202202010602
202202010603
202202010604
202202010605
202202010606
202202010607
202202010608
202202010609
202202010610
202202010611
202202010612
202205030801
202205030802
202205030803
202205030804
202205030805
202205030806
202205030807
202205030808
202205030809
202205030810
202205030811
202205030812
202209030401
202209030402
202209030403
202209030404
202209030405
202209030406
202209030407
202209030408
202209030409
202209030410
202209030411
202209030412
202202010501
202202010502
202202010503
202202010504
202202010505
202202010506
202202010507
202202010508
202202010509
202202010510
202202010511
202202010512
202205030701
202205030702
202205030703
202205030704
202205030705
202205030706
202205030707
202205030708
202205030709
202205030710
202205030711
202205030712
202209030301
202209030302
202209030303
202209030304
202209030305
202209030306
202209030307
202209030308
202209030309
202209030310
202209030311
202209030312
202202010401
202202010402
202202010403
202202010404
202202010405
202202010406
202202010407
202202010408
202202010409
202202010410
202202010411
202202010412
202205030601
202205030602
202205030603
202205030604
202205030605
202205030606
202205030607
202205030608
202205030609
202205030610
202205030611
202205030612
202209030201
202209030202
202209030203
202209030204
202209030205
202209030206
202209030207
202209030208
202209030209
202209030210
202209030211
202209030212
202202010301
202202010302
202202010303
202202010304
202202010305
202202010306
202202010307
202202010308
202202010309
202202010310
202202010311
202202010312
202205030501
202205030502
202205030503
202205030504
202205030505
202205030506
202205030507
202205030508
202205030509
202205030510
202205030511
202205030512
202209030101
202209030102
202209030103
202209030104
202209030105
202209030106
202209030107
202209030108
202209030109
202209030110
202209030111
202209030112
202202010201
202202010202
202202010203
202202010204
202202010205
202202010206
202202010207
202202010208
202202010209
202202010210
202202010211
202202010212
202205030401
202205030402
202205030403
202205030404
202205030405
202205030406
202205030407
202205030408
202205030409
202205030410
202205030411
202205030412
202207040401
202207040402
202207040403
202207040404
202207040405
202207040406
202207040407
202207040408
202207040409
202207040410
202207040411
202207040412
202202010101
202202010102
202202010103
202202010104
202202010105
202202010106
202202010107
202202010108
202202010109
202202010110
202202010111
202202010112
202205030301
202205030302
202205030303
202205030304
202205030305
202205030306
202205030307
202205030308
202205030309
202205030310
202205030311
202205030312
202207040301
202207040302
202207040303
202207040304
202207040305
202207040306
202207040307
202207040308
202207040309
202207040310
202207040311
202207040312
202205030201
202205030202
202205030203
202205030204
202205030205
202205030206
202205030207
202205030208
202205030209
202205030210
202205030211
202205030212
202207040201
202207040202
202207040203
202207040204
202207040205
202207040206
202207040207
202207040208
202207040209
202207040210
202207040211
202207040212
202205030101
202205030102
202205030103
202205030104
202205030105
202205030106
202205030107
202205030108
202205030109
202205030110
202205030111
202205030112
202207040101
202207040102
202207040103
202207040104
202207040105
202207040106
202207040107
202207040108
202207040109
202207040110
202207040111
202207040112
202204010801
202204010802
202204010803
202204010804
202204010805
202204010806
202204010807
202204010808
202204010809
202204010810
202204010811
202204010812
202205021201
202205021202
202205021203
202205021204
202205021205
202205021206
202205021207
202205021208
202205021209
202205021210
202205021211
202205021212
202207030801
202207030802
202207030803
202207030804
202207030805
202207030806
202207030807
202207030808
202207030809
202207030810
202207030811
202207030812
202204010701
202204010702
202204010703
202204010704
202204010705
202204010706
202204010707
202204010708
202204010709
202204010710
202204010711
202204010712
202205021101
202205021102
202205021103
202205021104
202205021105
202205021106
202205021107
202205021108
202205021109
202205021110
202205021111
202205021112
202207030701
202207030702
202207030703
202207030704
202207030705
202207030706
202207030707
202207030708
202207030709
202207030710
202207030711
202207030712
202204010601
202204010602
202204010603
202204010604
202204010605
202204010606
202204010607
202204010608
202204010609
202204010610
202204010611
202204010612
202205021001
202205021002
202205021003
202205021004
202205021005
202205021006
202205021007
202205021008
202205021009
202205021010
202205021011
202205021012
202207030601
202207030602
202207030603
202207030604
202207030605
202207030606
202207030607
202207030608
202207030609
202207030610
202207030611
202207030612
202204010501
202204010502
202204010503
202204010504
202204010505
202204010506
202204010507
202204010508
202204010509
202204010510
202204010511
202204010512
202205020901
202205020902
202205020903
202205020904
202205020905
202205020906
202205020907
202205020908
202205020909
202205020910
202205020911
202205020912
202207030501
202207030502
202207030503
202207030504
202207030505
202207030506
202207030507
202207030508
202207030509
202207030510
202207030511
202207030512
202204010401
202204010402
202204010403
202204010404
202204010405
202204010406
202204010407
202204010408
202204010409
202204010410
202204010411
202204010412
202205020801
202205020802
202205020803
202205020804
202205020805
202205020806
202205020807
202205020808
202205020809
202205020810
202205020811
202205020812
202207030401
202207030402
202207030403
202207030404
202207030405
202207030406
202207030407
202207030408
202207030409
202207030410
202207030411
202207030412
202204010301
202204010302
202204010303
202204010304
202204010305
202204010306
202204010307
202204010308
202204010309
202204010310
202204010311
202204010312
202205020701
202205020702
202205020703
202205020704
202205020705
202205020706
202205020707
202205020708
202205020709
202205020710
202205020711
202205020712
202207030301
202207030302
202207030303
202207030304
202207030305
202207030306
202207030307
202207030308
202207030309
202207030310
202207030311
202207030312
202204010201
202204010202
202204010203
202204010204
202204010205
202204010206
202204010207
202204010208
202204010209
202204010210
202204010211
202204010212
202205020601
202205020602
202205020603
202205020604
202205020605
202205020606
202205020607
202205020608
202205020609
202205020610
202205020611
202205020612
202207030201
202207030202
202207030203
202207030204
202207030205
202207030206
202207030207
202207030208
202207030209
202207030210
202207030211
202207030212
202204010101
202204010102
202204010103
202204010104
202204010105
202204010106
202204010107
202204010108
202204010109
202204010110
202204010111
202204010112
202205020501
202205020502
202205020503
202205020504
202205020505
202205020506
202205020507
202205020508
202205020509
202205020510
202205020511
202205020512
202207030101
202207030102
202207030103
202207030104
202207030105
202207030106
202207030107
202207030108
202207030109
202207030110
202207030111
202207030112
202203010601
202203010602
202203010603
202203010604
202203010605
202203010606
202203010607
202203010608
202203010609
202203010610
202203010611
202203010612
202205020401
202205020402
202205020403
202205020404
202205020405
202205020406
202205020407
202205020408
202205020409
202205020410
202205020411
202205020412
202209021201
202209021202
202209021203
202209021204
202209021205
202209021206
202209021207
202209021208
202209021209
202209021210
202209021211
202209021212
202203010501
202203010502
202203010503
202203010504
202203010505
202203010506
202203010507
202203010508
202203010509
202203010510
202203010511
202203010512
202205020301
202205020302
202205020303
202205020304
202205020305
202205020306
202205020307
202205020308
202205020309
202205020310
202205020311
202205020312
202209021101
202209021102
202209021103
202209021104
202209021105
202209021106
202209021107
202209021108
202209021109
202209021110
202209021111
202209021112
202203010401
202203010402
202203010403
202203010404
202203010405
202203010406
202203010407
202203010408
202203010409
202203010410
202203010411
202203010412
202205020201
202205020202
202205020203
202205020204
202205020205
202205020206
202205020207
202205020208
202205020209
202205020210
202205020211
202205020212
202209021001
202209021002
202209021003
202209021004
202209021005
202209021006
202209021007
202209021008
202209021009
202209021010
202209021011
202209021012
202203010301
202203010302
202203010303
202203010304
202203010305
202203010306
202203010307
202203010308
202203010309
202203010310
202203010311
202203010312
202205020101
202205020102
202205020103
202205020104
202205020105
202205020106
202205020107
202205020108
202205020109
202205020110
202205020111
202205020112
202209020901
202209020902
202209020903
202209020904
202209020905
202209020906
202209020907
202209020908
202209020909
202209020910
202209020911
202209020912
202203010201
202203010202
202203010203
202203010204
202203010205
202203010206
202203010207
202203010208
202203010209
202203010210
202203010211
202203010212
202206030801
202206030802
202206030803
202206030804
202206030805
202206030806
202206030807
202206030808
202206030809
202206030810
202206030811
202206030812
202209020801
202209020802
202209020803
202209020804
202209020805
202209020806
202209020807
202209020808
202209020809
202209020810
202209020811
202209020812
202203010101
202203010102
202203010103
202203010104
202203010105
202203010106
202203010107
202203010108
202203010109
202203010110
202203010111
202203010112
202206030701
202206030702
202206030703
202206030704
202206030705
202206030706
202206030707
202206030708
202206030709
202206030710
202206030711
202206030712
202209020701
202209020702
202209020703
202209020704
202209020705
202209020706
202209020707
202209020708
202209020709
202209020710
202209020711
202209020712
202206030601
202206030602
202206030603
202206030604
202206030605
202206030606
202206030607
202206030608
202206030609
202206030610
202206030611
202206030612
202209020601
202209020602
202209020603
202209020604
202209020605
202209020606
202209020607
202209020608
202209020609
202209020610
202209020611
202209020612
202206030501
202206030502
202206030503
202206030504
202206030505
202206030506
202206030507
202206030508
202206030509
202206030510
202206030511
202206030512
202209020501
202209020502
202209020503
202209020504
202209020505
202209020506
202209020507
202209020508
202209020509
202209020510
202209020511
202209020512
202206030401
202206030402
202206030403
202206030404
202206030405
202206030406
202206030407
202206030408
202206030409
202206030410
202206030411
202206030412
202209020401
202209020402
202209020403
202209020404
202209020405
202209020406
202209020407
202209020408
202209020409
202209020410
202209020411
202209020412
202206030301
202206030302
202206030303
202206030304
202206030305
202206030306
202206030307
202206030308
202206030309
202206030310
202206030311
202206030312
202209020301
202209020302
202209020303
202209020304
202209020305
202209020306
202209020307
202209020308
202209020309
202209020310
202209020311
202209020312
202206030201
202206030202
202206030203
202206030204
202206030205
202206030206
202206030207
202206030208
202206030209
202206030210
202206030211
202206030212
202207020601
202207020602
202207020603
202207020604
202207020605
202207020606
202207020607
202207020608
202207020609
202207020610
202207020611
202207020612
202209020201
202209020202
202209020203
202209020204
202209020205
202209020206
202209020207
202209020208
202209020209
202209020210
202209020211
202209020212
202206030101
202206030102
202206030103
202206030104
202206030105
202206030106
202206030107
202206030108
202206030109
202206030110
202206030111
202206030112
202207020501
202207020502
202207020503
202207020504
202207020505
202207020506
202207020507
202207020508
202207020509
202207020510
202207020511
202207020512
202209020101
202209020102
202209020103
202209020104
202209020105
202209020106
202209020107
202209020108
202209020109
202209020110
202209020111
202209020112
202206020801
202206020802
202206020803
202206020804
202206020805
202206020806
202206020807
202206020808
202206020809
202206020810
202206020811
202206020812
202207020401
202207020402
202207020403
202207020404
202207020405
202207020406
202207020407
202207020408
202207020409
202207020410
202207020411
202207020412
202206020701
202206020702
202206020703
202206020704
202206020705
202206020706
202206020707
202206020708
202206020709
202206020710
202206020711
202206020712
202209011201
202209011202
202209011203
202209011204
202209011205
202209011206
202209011207
202209011208
202209011209
202209011210
202209011211
202209011212
202207020301
202207020302
202207020303
202207020304
202207020305
202207020306
202207020307
202207020308
202207020309
202207020310
202207020311
202207020312
202209011101
202209011102
202209011103
202209011104
202209011105
202209011106
202209011107
202209011108
202209011109
202209011110
202209011111
202209011112
202206020601
202206020602
202206020603
202206020604
202206020605
202206020606
202206020607
202206020608
202206020609
202206020610
202206020611
202206020612
202207020201
202207020202
202207020203
202207020204
202207020205
202207020206
202207020207
202207020208
202207020209
202207020210
202207020211
202207020212
202209011001
202209011002
202209011003
202209011004
202209011005
202209011006
202209011007
202209011008
202209011009
202209011010
202209011011
202209011012
202206020501
202206020502
202206020503
202206020504
202206020505
202206020506
202206020507
202206020508
202206020509
202206020510
202206020511
202206020512
202207020101
202207020102
202207020103
202207020104
202207020105
202207020106
202207020107
202207020108
202207020109
202207020110
202207020111
202207020112
202209010901
202209010902
202209010903
202209010904
202209010905
202209010906
202209010907
202209010908
202209010909
202209010910
202209010911
202209010912
202206020401
202206020402
202206020403
202206020404
202206020405
202206020406
202206020407
202206020408
202206020409
202206020410
202206020411
202206020412
202209010801
202209010802
202209010803
202209010804
202209010805
202209010806
202209010807
202209010808
202209010809
202209010810
202209010811
202209010812
202206020301
202206020302
202206020303
202206020304
202206020305
202206020306
202206020307
202206020308
202206020309
202206020310
202206020311
202206020312
202209010701
202209010702
202209010703
202209010704
202209010705
202209010706
202209010707
202209010708
202209010709
202209010710
202209010711
202209010712
202206020201
202206020202
202206020203
202206020204
202206020205
202206020206
202206020207
202206020208
202206020209
202206020210
202206020211
202206020212
202209010601
202209010602
202209010603
202209010604
202209010605
202209010606
202209010607
202209010608
202209010609
202209010610
202209010611
202209010612
202210020601
202210020602
202210020603
202210020604
202210020605
202210020606
202210020607
202210020608
202210020609
202210020610
202210020611
202210020612
202206020101
202206020102
202206020103
202206020104
202206020105
202206020106
202206020107
202206020108
202206020109
202206020110
202206020111
202206020112
202209010501
202209010502
202209010503
202209010504
202209010505
202209010506
202209010507
202209010508
202209010509
202209010510
202209010511
202209010512
202210020501
202210020502
202210020503
202210020504
202210020505
202210020506
202210020507
202210020508
202210020509
202210020510
202210020511
202210020512
202205010801
202205010802
202205010803
202205010804
202205010805
202205010806
202205010807
202205010808
202205010809
202205010810
202205010811
202205010812
202209010401
202209010402
202209010403
202209010404
202209010405
202209010406
202209010407
202209010408
202209010409
202209010410
202209010411
202209010412
202210020401
202210020402
202210020403
202210020404
202210020405
202210020406
202210020407
202210020408
202210020409
202210020410
202210020411
202210020412
202205010701
202205010702
202205010703
202205010704
202205010705
202205010706
202205010707
202205010708
202205010709
202205010710
202205010711
202205010712
202209010301
202209010302
202209010303
202209010304
202209010305
202209010306
202209010307
202209010308
202209010309
202209010310
202209010311
202209010312
202210020301
202210020302
202210020303
202210020304
202210020305
202210020306
202210020307
202210020308
202210020309
202210020310
202210020311
202210020312
202205010601
202205010602
202205010603
202205010604
202205010605
202205010606
202205010607
202205010608
202205010609
202205010610
202205010611
202205010612
202209010201
202209010202
202209010203
202209010204
202209010205
202209010206
202209010207
202209010208
202209010209
202209010210
202209010211
202209010212
202210020201
202210020202
202210020203
202210020204
202210020205
202210020206
202210020207
202210020208
202210020209
202210020210
202210020211
202210020212
202205010501
202205010502
202205010503
202205010504
202205010505
202205010506
202205010507
202205010508
202205010509
202205010510
202205010511
202205010512
202209010101
202209010102
202209010103
202209010104
202209010105
202209010106
202209010107
202209010108
202209010109
202209010110
202209010111
202209010112
202210020101
202210020102
202210020103
202210020104
202210020105
202210020106
202210020107
202210020108
202210020109
202210020110
202210020111
202210020112
202205010401
202205010402
202205010403
202205010404
202205010405
202205010406
202205010407
202205010408
202205010409
202205010410
202205010411
202205010412
202207011201
202207011202
202207011203
202207011204
202207011205
202207011206
202207011207
202207011208
202207011209
202207011210
202207011211
202207011212
202210010801
202210010802
202210010803
202210010804
202210010805
202210010806
202210010807
202210010808
202210010809
202210010810
202210010811
202210010812
202205010301
202205010302
202205010303
202205010304
202205010305
202205010306
202205010307
202205010308
202205010309
202205010310
202205010311
202205010312
202207011101
202207011102
202207011103
202207011104
202207011105
202207011106
202207011107
202207011108
202207011109
202207011110
202207011111
202207011112
202210010701
202210010702
202210010703
202210010704
202210010705
202210010706
202210010707
202210010708
202210010709
202210010710
202210010711
202210010712
202205010201
202205010202
202205010203
202205010204
202205010205
202205010206
202205010207
202205010208
202205010209
202205010210
202205010211
202205010212
202207011001
202207011002
202207011003
202207011004
202207011005
202207011006
202207011007
202207011008
202207011009
202207011010
202207011011
202207011012
202210010601
202210010602
202210010603
202210010604
202210010605
202210010606
202210010607
202210010608
202210010609
202210010610
202210010611
202210010612
202205010101
202205010102
202205010103
202205010104
202205010105
202205010106
202205010107
202205010108
202205010109
202205010110
202205010111
202205010112
202207010901
202207010902
202207010903
202207010904
202207010905
202207010906
202207010907
202207010908
202207010909
202207010910
202207010911
202207010912
202210010501
202210010502
202210010503
202210010504
202210010505
202210010506
202210010507
202210010508
202210010509
202210010510
202210010511
202210010512
202206010801
202206010802
202206010803
202206010804
202206010805
202206010806
202206010807
202206010808
202206010809
202206010810
202206010811
202206010812
202207010801
202207010802
202207010803
202207010804
202207010805
202207010806
202207010807
202207010808
202207010809
202207010810
202207010811
202207010812
202210010401
202210010402
202210010403
202210010404
202210010405
202210010406
202210010407
202210010408
202210010409
202210010410
202210010411
202210010412
202206010701
202206010702
202206010703
202206010704
202206010705
202206010706
202206010707
202206010708
202206010709
202206010710
202206010711
202206010712
202207010701
202207010702
202207010703
202207010704
202207010705
202207010706
202207010707
202207010708
202207010709
202207010710
202207010711
202207010712
202210010301
202210010302
202210010303
202210010304
202210010305
202210010306
202210010307
202210010308
202210010309
202210010310
202210010311
202210010312
202206010601
202206010602
202206010603
202206010604
202206010605
202206010606
202206010607
202206010608
202206010609
202206010610
202206010611
202206010612
202207010601
202207010602
202207010603
202207010604
202207010605
202207010606
202207010607
202207010608
202207010609
202207010610
202207010611
202207010612
202210010201
202210010202
202210010203
202210010204
202210010205
202210010206
202210010207
202210010208
202210010209
202210010210
202210010211
202210010212
202206010501
202206010502
202206010503
202206010504
202206010505
202206010506
202206010507
202206010508
202206010509
202206010510
202206010511
202206010512
202207010501
202207010502
202207010503
202207010504
202207010505
202207010506
202207010507
202207010508
202207010509
202207010510
202207010511
202207010512
202210010101
202210010102
202210010103
202210010104
202210010105
202210010106
202210010107
202210010108
202210010109
202210010110
202210010111
202210010112
202206010401
202206010402
202206010403
202206010404
202206010405
202206010406
202206010407
202206010408
202206010409
202206010410
202206010411
202206010412
202207010401
202207010402
202207010403
202207010404
202207010405
202207010406
202207010407
202207010408
202207010409
202207010410
202207010411
202207010412
202206010301
202206010302
202206010303
202206010304
202206010305
202206010306
202206010307
202206010308
202206010309
202206010310
202206010311
202206010312
202207010301
202207010302
202207010303
202207010304
202207010305
202207010306
202207010307
202207010308
202207010309
202207010310
202207010311
202207010312
202207010201
202207010202
202207010203
202207010204
202207010205
202207010206
202207010207
202207010208
202207010209
202207010210
202207010211
202207010212
202206010201
202206010202
202206010203
202206010204
202206010205
202206010206
202206010207
202206010208
202206010209
202206010210
202206010211
202206010212
202206010101
202206010102
202206010103
202206010104
202206010105
202206010106
202206010107
202206010108
202206010109
202206010110
202206010111
202206010112
202207010101
202207010102
202207010103
202207010104
202207010105
202207010106
202207010107
202207010108
202207010109
202207010110
202207010111
202207010112
202109060901
202109060902
202109060903
202109060904
202109060905
202109060906
202109060907
202109060908
202109060909
202109060910
202109060911
202109060912
202106050901
202106050902
202106050903
202106050904
202106050905
202106050906
202106050907
202106050908
202106050909
202106050910
202106050911
202106050912
202106050801
202106050802
202106050803
202106050804
202106050805
202106050806
202106050807
202106050808
202106050809
202106050810
202106050811
202106050812
202109060801
202109060802
202109060803
202109060804
202109060805
202109060806
202109060807
202109060808
202109060809
202109060810
202109060811
202109060812
202106050701
202106050702
202106050703
202106050704
202106050705
202106050706
202106050707
202106050708
202106050709
202106050710
202106050711
202106050712
202109060701
202109060702
202109060703
202109060704
202109060705
202109060706
202109060707
202109060708
202109060709
202109060710
202109060711
202109060712
202106050601
202106050602
202106050603
202106050604
202106050605
202106050606
202106050607
202106050608
202106050609
202106050610
202106050611
202106050612
202107060601
202107060602
202107060603
202107060604
202107060605
202107060606
202107060607
202107060608
202107060609
202107060610
202107060611
202107060612
202109060601
202109060602
202109060603
202109060604
202109060605
202109060606
202109060607
202109060608
202109060609
202109060610
202109060611
202109060612
202106050501
202106050502
202106050503
202106050504
202106050505
202106050506
202106050507
202106050508
202106050509
202106050510
202106050511
202106050512
202107060501
202107060502
202107060503
202107060504
202107060505
202107060506
202107060507
202107060508
202107060509
202107060510
202107060511
202107060512
202109060501
202109060502
202109060503
202109060504
202109060505
202109060506
202109060507
202109060508
202109060509
202109060510
202109060511
202109060512
202106050401
202106050402
202106050403
202106050404
202106050405
202106050406
202106050407
202106050408
202106050409
202106050410
202106050411
202106050412
202107060401
202107060402
202107060403
202107060404
202107060405
202107060406
202107060407
202107060408
202107060409
202107060410
202107060411
202107060412
202109060401
202109060402
202109060403
202109060404
202109060405
202109060406
202109060407
202109060408
202109060409
202109060410
202109060411
202109060412
202106050301
202106050302
202106050303
202106050304
202106050305
202106050306
202106050307
202106050308
202106050309
202106050310
202106050311
202106050312
202107060301
202107060302
202107060303
202107060304
202107060305
202107060306
202107060307
202107060308
202107060309
202107060310
202107060311
202107060312
202109060301
202109060302
202109060303
202109060304
202109060305
202109060306
202109060307
202109060308
202109060309
202109060310
202109060311
202109060312
202106050201
202106050202
202106050203
202106050204
202106050205
202106050206
202106050207
202106050208
202106050209
202106050210
202106050211
202106050212
202107060201
202107060202
202107060203
202107060204
202107060205
202107060206
202107060207
202107060208
202107060209
202107060210
202107060211
202107060212
202109060201
202109060202
202109060203
202109060204
202109060205
202109060206
202109060207
202109060208
202109060209
202109060210
202109060211
202109060212
202106050101
202106050102
202106050103
202106050104
202106050105
202106050106
202106050107
202106050108
202106050109
202106050110
202106050111
202106050112
202107060101
202107060102
202107060103
202107060104
202107060105
202107060106
202107060107
202107060108
202107060109
202107060110
202107060111
202107060112
202109060101
202109060102
202109060103
202109060104
202109060105
202109060106
202109060107
202109060108
202109060109
202109060110
202109060111
202109060112
202105050801
202105050802
202105050803
202105050804
202105050805
202105050806
202105050807
202105050808
202105050809
202105050810
202105050811
202105050812
202109050801
202109050802
202109050803
202109050804
202109050805
202109050806
202109050807
202109050808
202109050809
202109050810
202109050811
202109050812
202105050701
202105050702
202105050703
202105050704
202105050705
202105050706
202105050707
202105050708
202105050709
202105050710
202105050711
202105050712
202109050701
202109050702
202109050703
202109050704
202109050705
202109050706
202109050707
202109050708
202109050709
202109050710
202109050711
202109050712
202103020601
202103020602
202103020603
202103020604
202103020605
202103020606
202103020607
202103020608
202103020609
202103020610
202103020611
202103020612
202105050601
202105050602
202105050603
202105050604
202105050605
202105050606
202105050607
202105050608
202105050609
202105050610
202105050611
202105050612
202109050601
202109050602
202109050603
202109050604
202109050605
202109050606
202109050607
202109050608
202109050609
202109050610
202109050611
202109050612
202103020501
202103020502
202103020503
202103020504
202103020505
202103020506
202103020507
202103020508
202103020509
202103020510
202103020511
202103020512
202105050501
202105050502
202105050503
202105050504
202105050505
202105050506
202105050507
202105050508
202105050509
202105050510
202105050511
202105050512
202109050501
202109050502
202109050503
202109050504
202109050505
202109050506
202109050507
202109050508
202109050509
202109050510
202109050511
202109050512
202103020401
202103020402
202103020403
202103020404
202103020405
202103020406
202103020407
202103020408
202103020409
202103020410
202103020411
202103020412
202105050401
202105050402
202105050403
202105050404
202105050405
202105050406
202105050407
202105050408
202105050409
202105050410
202105050411
202105050412
202109050401
202109050402
202109050403
202109050404
202109050405
202109050406
202109050407
202109050408
202109050409
202109050410
202109050411
202109050412
202103020301
202103020302
202103020303
202103020304
202103020305
202103020306
202103020307
202103020308
202103020309
202103020310
202103020311
202103020312
202105050301
202105050302
202105050303
202105050304
202105050305
202105050306
202105050307
202105050308
202105050309
202105050310
202105050311
202105050312
202109050301
202109050302
202109050303
202109050304
202109050305
202109050306
202109050307
202109050308
202109050309
202109050310
202109050311
202109050312
202103020201
202103020202
202103020203
202103020204
202103020205
202103020206
202103020207
202103020208
202103020209
202103020210
202103020211
202103020212
202105050201
202105050202
202105050203
202105050204
202105050205
202105050206
202105050207
202105050208
202105050209
202105050210
202105050211
202105050212
202109050201
202109050202
202109050203
202109050204
202109050205
202109050206
202109050207
202109050208
202109050209
202109050210
202109050211
202109050212
202103020101
202103020102
202103020103
202103020104
202103020105
202103020106
202103020107
202103020108
202103020109
202103020110
202103020111
202103020112
202105050101
202105050102
202105050103
202105050104
202105050105
202105050106
202105050107
202105050108
202105050109
202105050110
202105050111
202105050112
202109050101
202109050102
202109050103
202109050104
202109050105
202109050106
202109050107
202109050108
202109050109
202109050110
202109050111
202109050112
202104050801
202104050802
202104050803
202104050804
202104050805
202104050806
202104050807
202104050808
202104050809
202104050810
202104050811
202104050812
202105040801
202105040802
202105040803
202105040804
202105040805
202105040806
202105040807
202105040808
202105040809
202105040810
202105040811
202105040812
202109040801
202109040802
202109040803
202109040804
202109040805
202109040806
202109040807
202109040808
202109040809
202109040810
202109040811
202109040812
202104050701
202104050702
202104050703
202104050704
202104050705
202104050706
202104050707
202104050708
202104050709
202104050710
202104050711
202104050712
202105040701
202105040702
202105040703
202105040704
202105040705
202105040706
202105040707
202105040708
202105040709
202105040710
202105040711
202105040712
202109040701
202109040702
202109040703
202109040704
202109040705
202109040706
202109040707
202109040708
202109040709
202109040710
202109040711
202109040712
202104050601
202104050602
202104050603
202104050604
202104050605
202104050606
202104050607
202104050608
202104050609
202104050610
202104050611
202104050612
202105040601
202105040602
202105040603
202105040604
202105040605
202105040606
202105040607
202105040608
202105040609
202105040610
202105040611
202105040612
202109040601
202109040602
202109040603
202109040604
202109040605
202109040606
202109040607
202109040608
202109040609
202109040610
202109040611
202109040612
202104050501
202104050502
202104050503
202104050504
202104050505
202104050506
202104050507
202104050508
202104050509
202104050510
202104050511
202104050512
202105040501
202105040502
202105040503
202105040504
202105040505
202105040506
202105040507
202105040508
202105040509
202105040510
202105040511
202105040512
202109040501
202109040502
202109040503
202109040504
202109040505
202109040506
202109040507
202109040508
202109040509
202109040510
202109040511
202109040512
202104050401
202104050402
202104050403
202104050404
202104050405
202104050406
202104050407
202104050408
202104050409
202104050410
202104050411
202104050412
202105040401
202105040402
202105040403
202105040404
202105040405
202105040406
202105040407
202105040408
202105040409
202105040410
202105040411
202105040412
202109040401
202109040402
202109040403
202109040404
202109040405
202109040406
202109040407
202109040408
202109040409
202109040410
202109040411
202109040412
202104050301
202104050302
202104050303
202104050304
202104050305
202104050306
202104050307
202104050308
202104050309
202104050310
202104050311
202104050312
202105040301
202105040302
202105040303
202105040304
202105040305
202105040306
202105040307
202105040308
202105040309
202105040310
202105040311
202105040312
202109040301
202109040302
202109040303
202109040304
202109040305
202109040306
202109040307
202109040308
202109040309
202109040310
202109040311
202109040312
202104050201
202104050202
202104050203
202104050204
202104050205
202104050206
202104050207
202104050208
202104050209
202104050210
202104050211
202104050212
202105040201
202105040202
202105040203
202105040204
202105040205
202105040206
202105040207
202105040208
202105040209
202105040210
202105040211
202105040212
202109040201
202109040202
202109040203
202109040204
202109040205
202109040206
202109040207
202109040208
202109040209
202109040210
202109040211
202109040212
202104050101
202104050102
202104050103
202104050104
202104050105
202104050106
202104050107
202104050108
202104050109
202104050110
202104050111
202104050112
202105040101
202105040102
202105040103
202105040104
202105040105
202105040106
202105040107
202105040108
202105040109
202105040110
202105040111
202105040112
202109040101
202109040102
202109040103
202109040104
202109040105
202109040106
202109040107
202109040108
202109040109
202109040110
202109040111
202109040112
202106040901
202106040902
202106040903
202106040904
202106040905
202106040906
202106040907
202106040908
202106040909
202106040910
202106040911
202106040912
202107050901
202107050902
202107050903
202107050904
202107050905
202107050906
202107050907
202107050908
202107050909
202107050910
202107050911
202107050912
202106040801
202106040802
202106040803
202106040804
202106040805
202106040806
202106040807
202106040808
202106040809
202106040810
202106040811
202106040812
202107050801
202107050802
202107050803
202107050804
202107050805
202107050806
202107050807
202107050808
202107050809
202107050810
202107050811
202107050812
202106040701
202106040702
202106040703
202106040704
202106040705
202106040706
202106040707
202106040708
202106040709
202106040710
202106040711
202106040712
202107050701
202107050702
202107050703
202107050704
202107050705
202107050706
202107050707
202107050708
202107050709
202107050710
202107050711
202107050712
202106040601
202106040602
202106040603
202106040604
202106040605
202106040606
202106040607
202106040608
202106040609
202106040610
202106040611
202106040612
202107050601
202107050602
202107050603
202107050604
202107050605
202107050606
202107050607
202107050608
202107050609
202107050610
202107050611
202107050612
202106040501
202106040502
202106040503
202106040504
202106040505
202106040506
202106040507
202106040508
202106040509
202106040510
202106040511
202106040512
202107050501
202107050502
202107050503
202107050504
202107050505
202107050506
202107050507
202107050508
202107050509
202107050510
202107050511
202107050512
202106040401
202106040402
202106040403
202106040404
202106040405
202106040406
202106040407
202106040408
202106040409
202106040410
202106040411
202106040412
202107050401
202107050402
202107050403
202107050404
202107050405
202107050406
202107050407
202107050408
202107050409
202107050410
202107050411
202107050412
202106040301
202106040302
202106040303
202106040304
202106040305
202106040306
202106040307
202106040308
202106040309
202106040310
202106040311
202106040312
202107050301
202107050302
202107050303
202107050304
202107050305
202107050306
202107050307
202107050308
202107050309
202107050310
202107050311
202107050312
202106040201
202106040202
202106040203
202106040204
202106040205
202106040206
202106040207
202106040208
202106040209
202106040210
202106040211
202106040212
202107050201
202107050202
202107050203
202107050204
202107050205
202107050206
202107050207
202107050208
202107050209
202107050210
202107050211
202107050212
202106040101
202106040102
202106040103
202106040104
202106040105
202106040106
202106040107
202106040108
202106040109
202106040110
202106040111
202106040112
202107050101
202107050102
202107050103
202107050104
202107050105
202107050106
202107050107
202107050108
202107050109
202107050110
202107050111
202107050112
202101020801
202101020802
202101020803
202101020804
202101020805
202101020806
202101020807
202101020808
202101020809
202101020810
202101020811
202101020812
202104040801
202104040802
202104040803
202104040804
202104040805
202104040806
202104040807
202104040808
202104040809
202104040810
202104040811
202104040812
202110040801
202110040802
202110040803
202110040804
202110040805
202110040806
202110040807
202110040808
202110040809
202110040810
202110040811
202110040812
202101020701
202101020702
202101020703
202101020704
202101020705
202101020706
202101020707
202101020708
202101020709
202101020710
202101020711
202101020712
202104040701
202104040702
202104040703
202104040704
202104040705
202104040706
202104040707
202104040708
202104040709
202104040710
202104040711
202104040712
202110040701
202110040702
202110040703
202110040704
202110040705
202110040706
202110040707
202110040708
202110040709
202110040710
202110040711
202110040712
202101020601
202101020602
202101020603
202101020604
202101020605
202101020606
202101020607
202101020608
202101020609
202101020610
202101020611
202101020612
202104040601
202104040602
202104040603
202104040604
202104040605
202104040606
202104040607
202104040608
202104040609
202104040610
202104040611
202104040612
202110040601
202110040602
202110040603
202110040604
202110040605
202110040606
202110040607
202110040608
202110040609
202110040610
202110040611
202110040612
202101020501
202101020502
202101020503
202101020504
202101020505
202101020506
202101020507
202101020508
202101020509
202101020510
202101020511
202101020512
202104040501
202104040502
202104040503
202104040504
202104040505
202104040506
202104040507
202104040508
202104040509
202104040510
202104040511
202104040512
202110040501
202110040502
202110040503
202110040504
202110040505
202110040506
202110040507
202110040508
202110040509
202110040510
202110040511
202110040512
202101020401
202101020402
202101020403
202101020404
202101020405
202101020406
202101020407
202101020408
202101020409
202101020410
202101020411
202101020412
202104040401
202104040402
202104040403
202104040404
202104040405
202104040406
202104040407
202104040408
202104040409
202104040410
202104040411
202104040412
202110040401
202110040402
202110040403
202110040404
202110040405
202110040406
202110040407
202110040408
202110040409
202110040410
202110040411
202110040412
202101020301
202101020302
202101020303
202101020304
202101020305
202101020306
202101020307
202101020308
202101020309
202101020310
202101020311
202101020312
202104040301
202104040302
202104040303
202104040304
202104040305
202104040306
202104040307
202104040308
202104040309
202104040310
202104040311
202104040312
202110040301
202110040302
202110040303
202110040304
202110040305
202110040306
202110040307
202110040308
202110040309
202110040310
202110040311
202110040312
202101020201
202101020202
202101020203
202101020204
202101020205
202101020206
202101020207
202101020208
202101020209
202101020210
202101020211
202101020212
202104040201
202104040202
202104040203
202104040204
202104040205
202104040206
202104040207
202104040208
202104040209
202104040210
202104040211
202104040212
202110040201
202110040202
202110040203
202110040204
202110040205
202110040206
202110040207
202110040208
202110040209
202110040210
202110040211
202110040212
202101020101
202101020102
202101020103
202101020104
202101020105
202101020106
202101020107
202101020108
202101020109
202101020110
202101020111
202101020112
202104040101
202104040102
202104040103
202104040104
202104040105
202104040106
202104040107
202104040108
202104040109
202104040110
202104040111
202104040112
202110040101
202110040102
202110040103
202110040104
202110040105
202110040106
202110040107
202110040108
202110040109
202110040110
202110040111
202110040112
202102011201
202102011202
202102011203
202102011204
202102011205
202102011206
202102011207
202102011208
202102011209
202102011210
202102011211
202102011212
202104030601
202104030602
202104030603
202104030604
202104030605
202104030606
202104030607
202104030608
202104030609
202104030610
202104030611
202104030612
202102011101
202102011102
202102011103
202102011104
202102011105
202102011106
202102011107
202102011108
202102011109
202102011110
202102011111
202102011112
202104030501
202104030502
202104030503
202104030504
202104030505
202104030506
202104030507
202104030508
202104030509
202104030510
202104030511
202104030512
202102011001
202102011002
202102011003
202102011004
202102011005
202102011006
202102011007
202102011008
202102011009
202102011010
202102011011
202102011012
202104030401
202104030402
202104030403
202104030404
202104030405
202104030406
202104030407
202104030408
202104030409
202104030410
202104030411
202104030412
